##########################################################################
## Sensor Dataset 1.0 							##
## Developed by: Wenjun Yang (Master Research Project)			##
## for the INTRES:							##
## INternet of Things RESearch Group at University of Washington Tacoma	##
## This dataset represents measurements of four sensors 	 	##
## with over 4000 readings						##
##########################################################################
## Please feel free to contact me if you have any questions.            ##
## Contact Email: uwtintres@gmail.com					##
## Last update: 02 December 2019   					##
##########################################################################
## The data genereates from Raspberry Pi 				##
## Temperature Sensor  Grove Pi Temperature Sensor     			##
## Humidity Sensor:  Grove Pi Humidity Sensor     			##
## Ultrasonic  Sensor: Grove Ultrasonic Ranger				##
## Air Quality Sensor: Grove Air Quality Sensor v1.3			##
##########################################################################
## Format: Sensor Data is seperated by Tab                      	##
## Format: Column1: Temperature Sensor Data  		Unit: Celsius	##
## Format: Column2: Humdity Sensor Data  		Unit: %		##
## Format: Column3: Ultrasonic Sensor Data  		Unit: Centimeter##
## Format: Column4: Air Quality Sensor Data  		Unit: PM	##
##########################################################################

19	43	34	1022
19	42	34	1021
19	42	34	1022
19	42	34	1022
19	42	35	1021
19	42	34	1021
19	42	36	1022
18	43	35	1021
18	43	35	1021
18	43	34	1021
18	44	34	1021
18	44	34	1021
18	43	34	1021
18	43	35	1021
18	44	34	1022
18	43	34	1022
18	44	34	1021
18	44	34	1022
18	44	34	1021
18	44	34	1021
18	44	34	1021
18	44	34	1022
17	44	111	1021
17	44	35	1022
17	44	34	1021
17	44	34	1022
17	44	35	1022
17	44	35	1023
17	44	35	1021
17	44	35	1021
17	44	34	1021
17	44	34	1020
17	44	34	1022
17	44	34	1021
17	44	34	1022
17	44	35	1021
17	44	34	1022
17	44	35	1021
16	46	35	1021
17	44	34	1021
17	44	35	1022
17	44	35	1021
17	45	33	1020
16	45	35	1022
16	46	34	1021
16	46	34	1021
16	46	34	1020
16	46	34	1021
16	46	35	1021
16	46	35	1021
16	46	34	1021
16	46	34	1021
16	46	34	1022
16	46	34	1021
16	46	34	1022
16	46	34	1022
16	46	34	1021
16	46	35	1022
16	46	34	1017
16	46	34	1021
16	46	34	1021
16	46	34	1022
16	46	34	1022
16	46	34	1022
16	46	34	1022
16	46	34	1022
16	46	34	1021
16	46	34	1022
16	46	34	1021
16	46	34	1022
16	46	34	1021
16	46	34	1021
16	47	34	1023
16	46	34	1022
16	47	34	1022
16	47	34	1022
16	47	34	1022
16	47	34	1022
16	47	35	1021
16	47	34	1021
16	47	35	1020
16	47	34	1021
16	47	34	1021
16	47	34	1022
16	47	34	1020
16	47	34	1021
16	47	34	1021
16	47	34	1021
16	47	35	1021
16	47	35	1021
16	47	34	1021
16	47	34	1021
16	47	34	1021
16	47	34	1021
16	47	34	1021
16	47	34	1021
16	47	34	1020
16	47	34	1021
16	47	35	1021
16	47	34	1021
16	47	34	1022
16	47	35	1020
16	47	34	1022
16	47	35	1021
16	47	34	1021
16	47	34	1021
16	47	34	1022
16	47	34	1021
16	47	34	1022
16	47	35	1021
16	47	35	1021
16	47	35	1022
16	47	34	1022
16	47	34	1022
16	47	34	1021
16	47	34	1021
16	47	34	1021
16	47	34	1022
16	47	34	1023
16	47	35	1021
16	47	35	1021
16	47	35	1022
16	47	34	1022
16	47	35	1022
16	47	36	1023
16	47	35	1021
16	47	34	1022
16	47	35	1022
16	47	35	1022
16	47	34	1022
16	47	34	1021
16	47	34	1021
16	48	35	1021
16	47	35	1022
16	47	34	1022
16	48	35	1022
16	48	34	1022
16	47	35	1022
16	48	35	1022
16	47	34	1021
16	48	35	1022
16	48	34	1021
16	48	34	1021
16	48	34	1022
16	48	34	1021
16	48	35	1022
16	48	35	1022
16	48	35	1022
16	48	34	1022
16	48	34	1022
16	48	34	1020
16	48	35	1022
16	48	34	1022
16	48	34	1021
16	48	35	1022
16	48	34	1021
16	48	35	1022
16	48	35	1022
16	48	35	1022
16	48	35	1022
16	48	34	1021
16	48	4	1022
16	48	34	1020
16	48	34	1021
16	48	34	1021
16	48	34	1022
15	48	34	1021
16	48	34	1022
16	48	35	1021
16	48	34	1020
16	48	35	1022
16	48	34	1022
16	48	34	1021
16	48	35	1022
16	48	34	1022
16	48	4	1022
16	48	35	1022
16	48	35	1021
16	48	35	1021
16	48	35	1022
16	48	34	1020
16	48	34	1021
16	48	34	1021
16	48	34	1020
15	48	34	1021
16	48	34	1021
15	48	35	1021
15	48	34	1020
16	48	34	1021
15	48	34	1021
15	48	35	1021
15	48	35	1022
15	48	35	1021
15	48	35	1020
15	48	35	1021
15	48	34	1021
15	48	34	1020
16	48	34	1021
15	48	34	1021
15	48	34	1022
15	48	35	1021
15	48	35	1022
16	48	4	1022
15	48	35	1021
15	48	35	1021
15	48	34	1021
15	48	34	1021
15	48	35	1021
15	48	34	1021
15	48	35	1021
15	49	35	1021
15	48	34	1021
15	48	34	1021
15	48	35	1019
15	48	34	1021
15	48	35	1022
15	48	34	1022
15	48	35	1021
15	48	35	1020
15	48	35	1021
15	48	34	1021
15	48	34	1021
15	48	34	1022
15	48	34	1021
15	48	34	1022
15	48	34	1021
15	48	34	1022
15	48	34	1021
15	48	34	1022
15	48	34	1022
15	48	34	1020
15	48	34	1021
15	48	35	1021
15	48	4	1022
15	48	34	1022
15	48	34	1021
15	48	34	1021
15	48	35	1021
15	48	35	1022
15	48	34	1022
15	48	34	1022
15	48	34	1021
15	48	34	1021
15	48	34	1021
15	48	34	1022
15	48	34	1022
15	48	35	1022
15	48	34	1022
15	48	4	1021
15	48	35	1021
15	48	34	1021
15	48	34	1022
15	48	34	1020
15	48	34	1021
15	48	34	1020
15	48	4	1021
15	48	34	1021
15	48	36	1021
15	48	34	1021
15	48	35	1021
15	48	36	1021
15	48	35	1022
15	48	34	1021
15	48	34	1021
15	48	35	1021
15	48	4	1022
15	48	34	1021
16	48	4	1021
15	48	34	1020
15	48	34	1022
15	48	35	1021
15	48	34	1020
15	48	34	1021
15	48	34	1021
15	48	35	1022
15	48	34	1021
15	48	35	1022
15	48	4	1021
15	48	34	1021
15	48	4	1021
15	48	34	1021
15	48	35	1020
15	48	35	1022
15	48	35	1021
15	48	35	1021
15	48	35	1022
15	48	34	1021
15	48	34	1022
15	48	34	1021
15	48	34	1021
15	48	34	1020
15	48	34	1020
15	48	35	1022
15	48	34	1021
15	48	34	1022
15	48	4	1022
15	48	35	1021
15	48	35	1021
15	48	35	1021
15	48	4	1022
15	49	34	1022
15	48	35	1022
15	48	34	1022
15	48	35	1022
15	48	35	1022
15	48	34	1022
15	48	4	1021
15	48	35	1021
15	48	4	1022
15	49	35	1021
15	48	34	1022
15	48	37	1022
15	48	35	1022
15	48	35	1022
15	49	34	1021
15	49	34	1021
15	49	34	1021
15	49	34	1021
15	49	34	1021
15	49	34	1021
15	49	35	1022
15	49	34	1021
15	49	4	1020
15	49	35	1022
15	49	4	1022
15	49	34	1022
15	49	35	1021
15	49	34	1021
15	49	4	1021
15	49	34	1021
15	49	34	1021
15	49	34	1021
15	49	35	1021
15	49	4	1021
15	49	4	1021
15	49	34	1021
15	49	34	1021
15	49	35	1021
15	49	35	1021
15	49	34	1022
15	49	35	1022
15	49	35	1021
15	49	35	1022
15	49	35	1022
15	49	35	1022
15	49	34	1022
15	49	35	1022
15	49	34	1020
15	49	35	1021
15	49	34	1021
15	49	4	1021
15	49	34	1020
15	49	34	1022
15	49	35	1022
15	49	35	1022
15	49	4	1021
15	49	34	1022
15	49	34	1022
15	49	34	1022
15	49	35	1022
15	49	35	1021
15	49	35	1021
15	49	34	1021
15	49	34	1021
15	49	34	1022
15	49	34	1021
15	49	34	1022
15	49	34	1021
15	49	34	1022
15	49	35	1022
15	49	34	1021
15	49	35	1022
15	49	35	1022
15	49	35	1022
15	49	35	1022
15	49	35	1023
15	49	35	1022
15	49	34	1022
15	49	35	1022
15	49	34	1022
15	49	34	1022
15	49	34	1022
15	49	35	1022
15	49	35	1021
15	49	34	1022
15	49	34	1022
15	49	34	1022
15	49	4	1021
15	49	35	1022
15	49	34	1022
15	49	34	1022
15	49	34	1021
15	49	35	1021
15	49	4	1021
15	49	35	1022
15	49	34	1021
15	49	34	1022
15	49	35	1022
15	49	34	1021
15	49	4	1022
15	49	34	1021
15	49	35	1022
15	49	34	1022
15	49	35	1022
15	49	35	1022
15	49	34	1022
15	49	34	1022
15	49	34	1021
15	49	34	1022
15	49	34	1021
15	49	34	1022
15	49	34	1022
15	49	34	1022
15	49	34	1021
15	49	34	1020
15	49	35	1021
15	49	34	1022
15	49	34	1022
15	49	35	1021
15	49	35	1021
15	49	34	1021
15	49	34	1022
15	49	34	1021
15	49	4	1021
15	49	34	1021
15	49	34	1021
15	49	35	1021
15	49	35	1021
15	49	35	1021
15	49	34	1020
15	49	34	1021
15	49	34	1022
15	49	34	1021
15	49	34	1021
15	49	35	1021
15	49	35	1022
15	49	34	1022
15	49	35	1022
15	49	34	1021
15	49	35	1022
15	49	34	1022
15	49	34	1022
15	49	35	1022
15	49	4	1022
15	49	35	1022
15	49	34	1021
15	49	35	1021
15	49	34	1021
15	49	34	1022
15	49	34	1022
15	49	35	1021
15	50	35	1021
15	49	35	1021
15	49	34	1022
15	49	35	1021
15	49	36	1022
15	49	35	1022
15	49	35	1020
15	49	35	1022
15	49	34	1022
15	49	35	1022
15	49	35	1021
15	49	35	1022
15	50	35	1022
15	49	35	1022
15	49	34	1022
15	49	34	1022
15	49	34	1022
15	49	34	1021
15	49	34	1022
15	49	34	1021
15	49	34	1020
15	49	34	1021
15	49	35	1022
15	49	35	1020
15	49	35	1022
15	49	34	1022
15	49	34	1021
15	49	34	1022
15	49	34	1022
15	49	4	1022
15	49	35	1022
15	49	4	1022
15	49	35	1022
15	49	34	1022
15	49	34	1022
15	49	34	1022
15	50	34	1022
15	49	34	1022
15	49	34	1022
15	50	35	1020
15	49	34	1022
15	49	4	1021
15	49	35	1021
15	49	36	1021
15	49	4	1023
15	49	34	1021
15	49	4	1021
15	49	35	1020
14	50	35	1022
15	49	34	1021
14	50	35	1020
15	49	34	1022
14	50	34	1022
14	50	34	1022
14	51	34	1022
14	50	34	1022
14	50	34	1022
15	49	34	1021
15	49	34	1022
15	49	34	1022
15	49	34	1021
15	49	34	1021
14	50	4	1022
15	49	4	1022
14	50	34	1021
14	50	34	1022
15	49	35	1022
14	50	34	1022
14	50	4	1022
14	51	35	1021
14	51	34	1020
14	51	34	1021
15	50	34	1021
14	50	34	1020
14	51	34	1021
14	51	34	1022
15	50	34	1022
15	50	35	1022
14	51	34	1022
14	51	34	1021
14	51	34	1022
15	50	34	1021
15	50	34	1020
15	50	34	1021
14	51	34	1021
15	50	34	1022
15	50	35	1021
14	51	35	1021
14	51	34	1021
15	50	34	1022
14	51	4	1021
14	51	34	1020
15	50	35	1021
14	51	35	1020
14	51	34	1021
14	51	4	1021
15	50	36	1020
14	51	4	1022
14	51	35	1022
15	50	35	1021
14	51	4	1020
15	50	34	1022
14	51	4	1022
14	51	35	1023
14	51	35	1022
15	50	35	1022
14	51	34	1022
14	51	35	1022
14	51	35	1022
14	51	34	1022
15	50	34	1021
15	50	34	1022
15	50	34	1021
14	51	34	1022
15	50	4	1022
14	51	34	1021
14	51	34	1023
15	50	35	1022
14	51	35	1022
14	51	34	1022
15	50	34	1020
15	50	35	1020
15	50	35	1022
15	50	35	1021
15	50	34	1021
15	50	34	1021
15	50	34	1021
14	51	34	1022
15	50	35	1021
14	51	35	1021
14	51	34	1021
15	50	34	1020
15	50	34	1020
14	51	34	1022
14	51	34	1022
14	51	35	1022
14	51	35	1022
14	51	34	1022
14	51	34	1021
14	51	4	1021
14	51	35	1021
14	51	36	1020
14	51	34	1021
14	51	4	1021
14	51	35	1021
14	51	35	1021
14	51	35	1021
14	51	34	1021
15	50	34	1022
14	51	34	1022
14	51	34	1022
14	51	4	1021
14	51	34	1022
14	51	34	1021
14	51	4	1021
14	51	35	1021
14	51	35	1022
14	51	35	1020
14	51	34	1021
14	51	34	1021
14	51	34	1022
14	51	35	1022
14	51	34	1022
14	51	34	1022
14	51	35	1021
15	50	34	1021
15	50	35	1021
15	50	34	1021
15	50	34	1021
14	51	34	1021
14	51	34	1021
14	51	34	1021
14	51	34	1022
15	50	34	1022
14	51	4	1022
14	51	34	1022
14	51	34	1021
14	51	35	1021
14	51	34	1022
14	51	35	1021
14	51	35	1022
14	51	35	1020
14	51	34	1021
14	51	34	1022
14	51	34	1022
14	51	34	1022
14	51	34	1022
14	51	35	1020
14	51	35	1022
14	51	35	1022
14	51	34	1022
14	51	34	1023
14	51	4	1022
14	51	34	1022
14	51	35	1021
14	51	34	1021
14	51	4	1021
14	51	34	1021
14	51	4	1021
14	51	35	1021
14	51	35	1022
14	51	35	1022
14	51	35	1021
14	51	34	1021
14	51	35	1021
14	51	34	1022
14	51	35	1022
14	51	34	1022
14	51	5	1022
14	51	34	1021
14	51	4	1022
14	51	34	1021
14	51	34	1021
14	51	34	1022
14	51	4	1021
14	51	35	1021
14	51	35	1022
14	51	35	1020
14	51	35	1021
14	51	35	1021
14	51	35	1021
14	51	34	1021
14	51	4	1021
14	51	34	1022
14	51	35	1022
14	51	4	1022
14	51	4	1021
14	51	35	1022
14	51	34	1022
14	51	35	1021
14	51	35	1021
14	51	34	1022
14	52	5	1021
14	51	34	1022
14	51	35	1022
14	51	35	1021
14	51	35	1022
14	52	34	1021
14	51	34	1020
14	51	35	1021
14	51	35	1021
14	51	4	1022
14	52	34	1021
14	51	35	1021
14	51	4	1022
14	52	4	1022
14	51	34	1021
14	51	34	1021
14	52	4	1021
14	51	35	1021
14	52	34	1021
14	51	35	1021
14	51	4	1021
14	52	34	1022
14	52	34	1021
14	52	34	1021
14	52	35	1021
14	52	4	1022
14	52	34	1021
14	52	4	1022
14	52	34	1022
14	52	4	1021
14	52	35	1021
14	52	34	1021
14	52	34	1022
14	52	34	1022
14	52	35	1021
14	52	5	1021
14	52	35	1021
14	52	34	1022
14	52	4	1021
14	52	34	1021
14	52	34	1021
14	52	5	1021
14	52	35	1021
14	52	34	1022
14	52	4	1022
14	52	4	1021
13	52	34	1022
13	52	34	1022
14	52	4	1021
14	52	4	1022
14	52	35	1020
14	52	35	1022
14	52	34	1022
14	52	4	1022
14	52	4	1022
14	52	34	1021
14	52	5	1021
14	52	36	1021
14	52	4	1022
14	52	4	1021
14	52	35	1021
14	52	35	1021
14	52	34	1021
14	52	35	1021
14	52	34	1021
14	52	34	1021
14	52	4	1021
14	52	35	1021
14	52	35	1022
14	52	34	1021
14	52	4	1022
14	52	35	1021
14	52	34	1022
14	52	34	1021
14	52	34	1022
14	52	5	1020
14	52	35	1021
14	52	34	1021
14	52	4	1022
14	52	34	1021
14	52	33	1021
14	52	34	1021
14	52	35	1022
14	52	35	1021
14	52	35	1022
14	52	4	1020
14	52	34	1022
14	52	34	1022
14	52	34	1021
14	52	4	1021
14	52	34	1022
14	52	34	1022
14	52	4	1022
14	52	34	1022
14	52	34	1022
14	52	34	1021
14	52	34	1022
14	52	34	1021
14	52	34	1021
14	52	34	1022
14	53	34	1021
14	53	35	1021
14	52	34	1021
14	52	34	1021
14	52	34	1021
14	52	4	1021
14	52	35	1021
14	52	34	1022
14	52	34	1020
14	52	4	1021
14	52	35	1021
14	52	34	1021
14	52	35	1022
14	52	35	1022
14	52	34	1021
14	52	4	1021
14	52	4	1021
14	52	4	1022
14	52	34	1021
14	52	34	1021
14	52	4	1021
14	52	35	1021
14	52	34	1020
14	52	4	1021
14	52	35	1021
14	52	35	1021
14	52	4	1021
14	52	4	1020
14	52	34	1022
14	52	34	1021
14	52	34	1021
14	52	35	1022
14	52	34	1022
14	52	34	1021
14	52	35	1021
14	52	35	1021
14	52	34	1021
14	52	34	1022
14	52	34	1022
14	52	35	1022
14	52	35	1021
14	52	34	1022
14	52	34	1021
14	52	34	1020
14	52	35	1022
14	52	35	1022
14	52	34	1021
14	52	5	1020
14	52	34	1022
14	52	34	1022
14	52	34	1021
14	52	5	1022
14	52	35	1021
14	52	35	1022
14	52	4	1021
14	53	34	1022
14	52	35	1022
14	53	4	1021
14	53	34	1021
14	53	34	1022
14	53	35	1022
14	53	34	1021
14	52	4	1022
14	53	35	1022
14	52	34	1022
14	53	4	1021
14	52	35	1021
14	53	34	1021
14	52	34	1021
14	52	4	1023
14	53	35	1022
14	53	35	1022
14	52	4	1022
14	53	34	1022
14	53	34	1022
14	53	34	1022
14	53	4	1022
14	53	35	1022
14	53	4	1022
14	53	34	1021
14	52	35	1021
14	53	35	1021
14	52	35	1021
14	52	35	1021
14	52	34	1021
14	52	4	1021
14	52	34	1021
14	52	34	1022
14	52	34	1020
14	52	4	1021
14	52	34	1021
14	53	34	1021
14	52	35	1021
14	52	4	1021
14	53	35	1022
14	53	35	1022
14	53	4	1022
14	52	4	1021
14	52	4	1021
14	52	35	1021
14	53	35	1021
14	53	34	1021
14	53	35	1021
14	52	4	1021
14	53	34	1021
14	52	35	1021
14	53	35	1022
14	53	34	1021
14	53	34	1021
14	53	34	1021
14	52	34	1021
14	53	35	1022
14	53	4	1021
14	53	34	1022
14	53	34	1022
14	53	35	1022
14	53	35	1021
14	53	4	1021
14	53	35	1021
14	53	4	1022
14	53	4	1022
14	53	34	1021
14	53	4	1022
14	53	4	1022
14	53	4	1021
14	53	35	1021
14	53	35	1021
14	53	35	1022
14	53	35	1022
14	53	34	1022
14	53	4	1022
14	53	4	1021
14	53	35	1021
14	53	34	1021
14	53	4	1021
14	53	34	1021
14	53	34	1021
14	53	35	1021
14	53	34	1021
14	53	4	1022
14	53	35	1021
14	53	4	1021
14	53	4	1022
14	53	35	1022
14	53	34	1022
14	53	34	1021
14	53	34	1022
14	53	4	1021
14	53	35	1021
14	53	4	1021
14	53	34	1021
14	53	34	1020
14	53	4	1021
14	53	35	1021
14	53	4	1021
14	53	4	1021
14	53	35	1021
14	53	34	1021
14	53	34	1021
14	53	34	1021
14	53	35	1021
14	53	34	1021
14	53	5	1021
14	53	34	1021
14	53	35	1021
14	53	34	1021
14	53	4	1021
14	53	34	1021
14	53	34	1021
14	53	4	1021
14	53	4	1021
14	53	34	1021
14	53	35	1021
14	53	4	1022
14	53	34	1022
14	53	35	1021
14	53	34	1022
14	53	4	1022
14	53	34	1022
14	53	34	1021
14	53	34	1021
14	53	4	1023
14	53	35	1021
14	53	35	1022
14	53	35	1022
14	53	35	1021
14	53	34	1021
14	53	35	1021
14	53	4	1021
14	53	34	1022
14	53	35	1021
14	53	4	1021
14	53	34	1021
14	53	34	1022
14	53	35	1021
14	53	4	1021
14	53	34	1021
14	53	35	1021
14	53	33	1021
14	53	4	1022
14	53	4	1022
14	53	34	1020
14	53	34	1021
14	53	35	1022
14	53	35	1022
14	53	35	1022
14	53	35	1022
14	53	4	1022
14	53	35	1021
14	53	34	1022
14	53	35	1020
14	53	35	1022
14	53	4	1022
14	53	34	1022
14	53	34	1021
14	53	4	1021
14	53	35	1022
14	53	34	1022
14	53	34	1023
14	53	35	1021
14	53	34	1023
14	53	34	1022
14	53	35	1021
14	53	4	1021
14	53	35	1021
14	53	34	1020
14	53	34	1021
14	53	35	1020
14	53	34	1021
14	53	34	1021
14	53	4	1022
14	53	4	1022
14	53	35	1021
14	53	35	1022
14	53	35	1021
14	53	4	1020
14	53	34	1021
14	53	34	1021
14	53	4	1021
14	53	34	1021
14	53	35	1022
14	53	34	1020
14	53	4	1021
14	53	4	1022
14	53	34	1022
14	53	35	1022
14	53	35	1022
14	53	34	1021
14	53	35	1022
14	53	35	1021
14	53	34	1022
14	53	35	1022
14	53	35	1021
14	53	35	1022
14	53	34	1021
14	53	34	1022
14	53	35	1022
14	53	34	1022
14	53	4	1020
14	53	4	1022
14	53	4	1022
14	53	34	1021
14	53	35	1022
14	53	34	1021
14	53	34	1021
14	53	35	1021
14	53	35	1021
14	53	34	1022
14	53	5	1022
14	53	4	1021
14	53	34	1021
14	53	34	1020
14	53	34	1023
14	53	4	1020
14	53	35	1021
14	53	35	1020
14	53	35	1021
14	53	4	1020
14	53	4	1021
14	53	34	1021
14	53	34	1021
14	53	34	1022
14	53	4	1020
14	53	4	1021
14	53	4	1021
14	53	34	1021
14	53	4	1021
14	53	34	1022
14	53	34	1020
14	53	34	1022
14	53	35	1022
14	53	34	1021
14	53	35	1021
14	53	34	1022
14	53	35	1021
14	53	35	1021
14	53	35	1020
14	53	34	1021
14	53	35	1021
14	53	34	1021
14	53	34	1022
14	53	4	1020
14	53	4	1022
14	53	35	1021
14	53	4	1022
14	53	4	1021
14	53	4	1022
14	53	34	1021
14	53	35	1021
14	53	34	1022
14	53	35	1022
14	53	34	1021
14	53	4	1020
14	53	35	1022
14	53	34	1022
14	53	4	1022
14	53	35	1022
14	53	34	1022
14	53	35	1021
14	53	35	1021
14	53	34	1022
14	53	35	1021
14	53	4	1022
14	53	34	1021
14	53	34	1021
14	53	34	1021
14	53	35	1021
14	53	34	1021
14	53	34	1021
14	53	35	1021
14	53	34	1021
14	54	34	1022
14	53	34	1021
14	54	4	1021
14	53	34	1021
14	53	34	1021
14	53	35	1022
14	53	35	1022
14	53	35	1021
14	53	34	1022
14	53	35	1022
14	53	34	1021
14	54	4	1021
14	53	35	1021
14	53	34	1021
14	53	34	1021
14	53	35	1022
14	53	4	1022
14	53	34	1021
14	54	35	1022
14	53	34	1021
14	53	34	1021
14	53	34	1021
14	53	35	1021
14	53	34	1022
14	53	35	1022
14	53	34	1022
14	53	34	1022
14	53	34	1021
14	53	5	1022
14	53	34	1021
14	53	35	1022
14	53	34	1022
14	53	34	1021
14	53	4	1022
14	53	34	1021
14	53	35	1021
14	53	34	1021
14	53	34	1022
14	53	34	1021
14	53	34	1022
14	53	34	1021
14	53	34	1021
14	53	4	1022
14	53	5	1021
14	53	35	1021
14	53	4	1021
14	53	34	1021
14	53	35	1022
14	53	4	1022
14	53	4	1022
13	53	35	1021
14	53	34	1021
14	53	34	1022
13	53	34	1022
13	53	35	1021
13	53	34	1022
13	53	34	1022
13	53	34	1021
13	53	35	1022
13	53	34	1021
13	53	34	1021
13	54	4	1022
13	53	35	1021
13	54	4	1022
13	53	35	1022
13	53	4	1021
13	54	34	1021
13	53	4	1022
13	53	34	1022
13	53	34	1022
13	53	35	1020
13	54	35	1022
13	53	35	1021
13	53	4	1021
13	53	4	1022
13	53	35	1022
13	53	4	1021
14	53	4	1021
13	53	4	1022
13	53	35	1021
14	53	5	1022
14	53	4	1022
14	54	34	1022
14	53	4	1021
14	54	35	1021
14	53	35	1021
14	53	5	1022
13	53	35	1021
14	54	35	1021
13	54	34	1022
13	54	34	1021
14	54	35	1022
13	53	35	1021
13	54	35	1023
14	53	35	1022
14	53	5	1021
13	53	34	1022
13	53	4	1022
14	54	34	1022
13	54	4	1022
13	54	34	1021
13	53	34	1022
14	53	34	1021
13	54	35	1022
13	54	34	1021
13	53	35	1022
13	54	34	1022
13	53	35	1022
13	54	34	1020
13	54	34	1022
13	54	34	1021
13	54	35	1022
13	54	4	1021
13	54	35	1021
13	54	35	1021
13	54	4	1022
14	54	35	1021
13	54	4	1021
13	54	34	1021
13	54	35	1022
14	54	4	1020
13	53	4	1021
13	53	4	1021
13	54	4	1021
14	53	35	1021
13	54	34	1022
13	54	34	1022
13	54	35	1022
13	54	34	1020
13	54	5	1022
13	54	35	1022
14	54	34	1022
13	54	35	1022
13	54	4	1022
13	54	35	1022
14	54	34	1022
13	54	34	1022
14	54	35	1021
13	53	4	1022
13	54	35	1022
13	54	35	1020
13	54	4	1021
14	54	4	1021
13	54	34	1022
13	53	35	1022
13	54	4	1022
13	54	4	1022
13	54	35	1021
13	54	4	1022
13	54	34	1022
13	54	34	1022
13	54	34	1022
14	54	4	1022
14	54	5	1022
13	54	4	1022
14	53	4	1022
13	54	5	1021
14	54	34	1021
13	53	34	1022
13	54	4	1022
14	54	34	1021
13	54	4	1022
14	54	4	1021
14	54	4	1021
13	53	4	1021
14	54	34	1022
14	54	35	1022
14	54	35	1022
14	54	34	1021
14	54	4	1021
14	54	4	1020
14	54	4	1020
14	54	34	1021
14	54	4	1022
14	54	35	1021
14	54	5	1021
14	54	34	1022
14	54	35	1021
14	54	34	1021
14	54	4	1021
14	54	35	1021
14	54	34	1022
14	53	35	1022
14	54	34	1022
14	54	4	1022
14	54	35	1021
14	54	34	1020
14	53	35	1022
13	54	5	1022
14	54	4	1022
14	54	5	1022
14	54	4	1021
14	54	5	1022
14	54	4	1021
14	53	34	1021
14	53	34	1021
14	53	34	1021
14	54	4	1021
14	54	35	1022
14	54	35	1022
14	54	35	1021
13	54	35	1021
13	54	34	1021
13	54	4	1021
13	54	4	1021
14	53	4	1021
14	54	4	1021
13	53	34	1022
13	54	34	1022
13	54	35	1022
13	54	35	1022
13	54	34	1021
13	54	34	1022
13	54	35	1022
13	54	4	1021
13	53	34	1021
13	53	5	1021
13	54	34	1021
13	54	34	1021
13	54	4	1021
13	53	4	1021
13	54	4	1021
13	54	4	1021
13	54	34	1021
13	54	35	1020
13	54	4	1022
13	54	5	1021
13	54	4	1022
13	53	34	1021
14	53	35	1021
13	53	4	1022
13	54	35	1021
13	53	4	1021
13	53	4	1021
13	53	35	1022
13	53	4	1021
13	54	35	1021
13	54	5	1022
13	54	34	1022
13	54	5	1020
13	53	4	1022
13	54	34	1021
13	53	35	1022
13	54	34	1021
13	53	5	1022
13	54	34	1021
14	53	35	1021
13	54	4	1021
13	53	35	1021
13	53	4	1021
13	53	4	1021
14	53	35	1021
13	53	4	1021
13	54	35	1021
13	54	4	1021
13	54	34	1021
13	54	4	1021
13	54	4	1021
13	53	34	1020
13	53	34	1021
13	53	4	1022
13	53	4	1021
13	54	34	1022
13	54	4	1021
13	53	34	1021
13	54	34	1021
13	54	35	1022
13	54	34	1022
13	53	34	1021
13	54	34	1021
13	53	35	1022
13	54	4	1021
13	54	4	1020
13	54	4	1021
13	54	34	1022
14	54	4	1021
13	54	34	1021
13	54	34	1022
13	54	4	1020
13	54	4	1022
13	54	4	1021
13	54	34	1022
13	54	4	1021
13	54	4	1020
13	53	5	1021
13	53	4	1021
13	53	35	1021
13	54	34	1022
13	54	35	1020
13	54	4	1021
13	54	5	1022
13	54	4	1021
13	54	4	1022
13	54	35	1022
13	54	35	1021
13	54	4	1022
13	54	34	1021
13	54	35	1022
13	54	4	1022
13	54	34	1022
13	54	4	1021
13	54	35	1021
13	53	34	1021
13	54	5	1020
13	54	4	1023
13	54	35	1021
13	54	35	1021
13	54	4	1021
13	54	4	1022
13	54	4	1022
13	54	34	1022
13	54	34	1021
13	54	34	1022
13	54	35	1021
13	53	34	1023
13	54	34	1022
13	54	4	1022
13	53	35	1021
13	54	4	1022
13	54	4	1022
13	54	34	1020
13	54	4	1021
13	54	34	1020
13	54	4	1023
13	54	34	1022
13	54	34	1022
13	54	34	1022
13	54	35	1022
13	54	34	1022
13	54	4	1022
13	54	34	1022
13	54	34	1021
13	53	34	1022
13	54	34	1021
13	54	4	1022
13	54	34	1021
13	54	35	1020
13	54	34	1021
13	53	34	1021
13	53	35	1021
13	53	34	1022
13	54	4	1021
13	54	34	1021
13	54	4	1023
13	54	34	1021
13	54	4	1022
13	54	5	1022
13	54	34	1022
13	54	35	1022
13	54	34	1022
13	54	4	1021
13	54	4	1021
13	54	35	1022
13	54	34	1021
13	54	35	1022
13	53	5	1022
13	54	4	1020
13	53	4	1022
13	54	35	1022
13	54	35	1022
13	54	34	1023
13	54	4	1022
13	54	4	1022
13	54	4	1023
13	53	34	1021
13	54	4	1023
13	54	34	1021
13	53	5	1022
13	54	34	1022
13	53	4	1021
13	53	4	1022
13	54	5	1021
13	53	34	1022
13	54	4	1021
13	53	35	1022
13	53	5	1022
13	53	4	1021
13	54	35	1022
13	54	35	1022
13	54	35	1022
13	54	34	1022
13	54	34	1021
13	54	34	1021
13	53	35	1022
13	54	34	1021
13	54	4	1021
13	54	34	1021
13	54	4	1021
13	53	5	1021
13	54	34	1022
13	53	4	1022
13	54	4	1022
13	54	35	1022
13	53	4	1021
13	54	35	1021
13	53	35	1022
13	54	35	1022
13	53	4	1022
13	53	5	1022
13	53	34	1022
13	53	35	1021
13	53	34	1022
13	54	4	1022
13	53	4	1022
13	53	34	1022
13	53	35	1022
13	53	34	1021
13	53	35	1022
13	53	5	1022
13	54	35	1022
13	54	34	1021
13	54	4	1021
13	53	4	1022
13	54	34	1022
13	53	4	1022
13	54	5	1022
13	53	35	1022
13	53	4	1022
13	53	4	1022
13	53	5	1022
13	54	4	1022
13	54	35	1021
13	54	35	1021
13	53	4	1022
13	54	4	1021
13	54	35	1022
13	54	35	1022
13	54	4	1022
13	53	35	1021
13	54	34	1022
13	54	35	1022
13	53	4	1022
13	53	4	1022
13	53	4	1021
13	53	35	1022
13	54	34	1021
13	54	35	1022
13	53	35	1022
13	53	4	1022
13	53	4	1020
13	53	4	1021
13	53	34	1022
13	53	4	1022
13	53	5	1022
13	53	35	1020
13	53	5	1021
13	53	4	1021
13	53	35	1021
13	53	34	1021
13	53	35	1021
13	53	35	1022
13	53	35	1021
13	53	35	1021
13	53	4	1021
13	53	35	1021
13	53	35	1022
13	53	5	1022
13	53	34	1022
13	53	34	1022
13	53	4	1022
13	53	35	1021
13	53	4	1021
13	53	34	1022
13	53	4	1022
13	53	34	1022
13	54	4	1022
13	53	4	1021
13	53	35	1022
13	53	34	1022
13	53	34	1022
13	53	34	1021
13	53	35	1021
13	53	34	1020
13	53	4	1022
13	53	35	1022
13	53	35	1021
13	53	4	1020
13	53	34	1021
13	53	34	1021
13	53	35	1022
13	53	34	1021
13	53	4	1022
13	53	35	1022
13	53	5	1021
13	53	34	1021
13	53	35	1021
13	53	34	1021
13	53	4	1022
13	53	34	1021
13	53	34	1021
13	53	5	1022
13	53	34	1021
13	53	35	1021
13	53	34	1022
13	53	34	1022
13	53	4	1022
13	53	4	1020
13	53	34	1022
13	53	4	1022
13	53	4	1022
13	53	35	1022
13	53	4	1021
13	53	34	1021
13	53	34	1021
13	53	34	1021
13	53	34	1022
13	53	34	1022
13	53	34	1022
13	53	35	1021
13	53	4	1022
13	53	34	1022
13	53	34	1023
13	53	5	1022
13	53	4	1021
13	53	34	1022
13	53	34	1021
13	53	4	1021
13	53	4	1022
13	53	4	1022
13	53	34	1022
13	53	4	1021
13	53	4	1021
13	53	34	1022
13	53	4	1022
13	53	34	1022
13	53	34	1022
13	53	4	1022
13	53	35	1022
13	53	34	1022
13	53	4	1022
13	53	35	1022
13	53	4	1023
13	53	34	1022
13	53	4	1022
13	53	35	1020
13	53	4	1022
13	53	34	1022
13	53	34	1021
13	53	5	1022
13	53	35	1021
13	53	34	1022
13	53	34	1022
13	53	35	1022
13	53	4	1022
13	53	34	1021
13	53	35	1021
13	53	35	1021
13	54	4	1022
13	53	5	1022
13	53	34	1022
13	53	4	1022
13	53	34	1021
13	53	35	1022
13	53	5	1022
13	54	4	1022
13	54	34	1021
13	54	4	1021
13	53	5	1021
13	53	35	1022
13	53	4	1022
13	53	4	1022
13	53	5	1022
13	53	4	1022
13	53	5	1021
13	53	4	1022
13	53	4	1021
13	53	4	1022
13	53	34	1022
13	53	5	1022
13	53	4	1022
13	53	34	1022
13	53	4	1022
13	53	4	1022
13	53	4	1022
13	53	4	1021
13	53	35	1021
13	53	34	1022
13	53	5	1022
13	53	4	1022
13	53	4	1021
13	53	34	1022
13	53	4	1021
13	53	34	1022
13	53	5	1022
13	53	4	1022
13	53	4	1021
13	53	4	1022
13	53	34	1022
13	53	5	1021
13	53	4	1021
13	53	35	1021
13	54	4	1022
13	53	4	1022
13	53	35	1022
13	53	4	1021
13	53	4	1022
13	53	4	1022
13	53	35	1022
13	53	5	1022
13	53	35	1023
13	53	4	1022
13	53	34	1022
13	53	4	1022
13	53	35	1022
13	53	4	1022
13	53	4	1021
13	53	34	1021
13	53	4	1022
13	53	4	1021
13	53	5	1021
13	53	35	1020
13	53	34	1021
13	53	35	1020
13	53	4	1022
13	53	35	1021
13	53	35	1021
13	53	5	1022
13	53	4	1022
13	53	34	1022
13	53	4	1021
13	53	4	1022
13	53	35	1021
13	53	4	1022
13	53	35	1022
13	53	34	1022
13	53	5	1021
13	54	4	1021
13	53	34	1021
13	53	35	1022
13	53	5	1022
13	54	34	1021
13	53	35	1021
13	54	35	1021
13	53	34	1021
13	53	5	1022
13	53	5	1021
13	53	4	1022
13	53	5	1022
13	53	4	1022
13	53	4	1022
13	53	35	1021
13	53	34	1022
13	53	4	1022
13	53	4	1022
13	53	35	1022
13	53	4	1022
13	53	5	1021
13	53	35	1021
13	53	35	1021
13	53	4	1021
13	53	5	1021
13	53	34	1021
13	53	34	1021
13	53	4	1022
13	53	4	1021
13	53	35	1021
13	53	5	1021
13	53	4	1022
13	53	4	1021
13	53	35	1021
13	53	4	1022
13	53	4	1021
13	53	4	1022
13	53	5	1021
13	53	34	1021
13	53	34	1020
13	53	4	1021
13	53	4	1021
13	53	34	1021
13	53	35	1021
13	53	34	1021
13	53	34	1021
13	53	4	1021
13	53	34	1022
13	53	35	1021
13	53	34	1021
13	54	34	1022
13	54	34	1021
13	53	4	1022
13	53	34	1021
13	53	34	1021
13	53	4	1021
13	54	35	1022
13	53	4	1021
13	53	34	1022
13	53	34	1021
13	53	35	1021
13	53	34	1022
13	53	4	1022
13	53	34	1021
13	53	35	1021
13	53	4	1021
13	53	35	1022
13	53	34	1021
13	53	34	1021
13	53	35	1021
13	53	4	1021
13	53	34	1021
13	53	4	1022
13	53	34	1021
13	53	34	1021
13	53	4	1021
13	53	4	1021
13	53	34	1021
13	53	34	1021
13	53	34	1021
13	53	35	1021
13	53	4	1023
13	53	4	1022
13	53	4	1022
13	53	34	1022
13	53	4	1021
13	53	4	1021
13	53	34	1022
13	53	35	1021
13	53	34	1022
13	53	4	1021
13	53	4	1021
13	53	35	1022
13	53	4	1022
13	53	4	1022
13	53	34	1020
13	53	5	1021
13	53	34	1022
13	53	34	1021
13	53	34	1022
13	53	4	1022
13	53	4	1021
13	53	5	1021
13	53	34	1021
13	53	35	1021
13	53	4	1022
13	53	34	1022
13	53	4	1022
13	53	4	1022
13	53	5	1022
13	53	35	1021
13	53	4	1021
13	53	4	1022
13	53	4	1022
13	53	34	1022
13	53	35	1022
13	53	34	1021
13	53	4	1022
13	53	4	1021
13	53	34	1022
13	53	34	1022
13	53	4	1021
13	53	34	1022
13	53	5	1022
13	53	4	1022
13	53	35	1021
13	53	35	1022
13	53	34	1021
13	53	34	1022
13	53	4	1022
13	53	4	1021
13	53	34	1022
13	53	4	1021
13	53	5	1022
13	53	4	1022
13	53	35	1022
13	53	4	1022
13	53	4	1022
13	53	5	1021
13	53	34	1021
13	53	35	1022
13	53	5	1022
13	53	34	1022
13	53	35	1021
13	53	34	1022
13	53	34	1022
13	53	4	1021
13	53	5	1022
13	53	4	1022
13	53	5	1022
13	53	35	1022
13	53	4	1022
13	53	35	1022
13	53	35	1021
13	53	34	1022
13	53	34	1022
13	53	35	1021
13	53	4	1022
13	53	4	1022
13	53	4	1022
13	53	35	1022
13	53	5	1021
13	53	4	1022
13	53	35	1022
13	53	34	1022
13	53	34	1021
13	53	5	1022
13	53	35	1021
13	53	35	1021
13	53	4	1020
13	53	35	1020
13	53	34	1022
13	53	5	1022
13	53	4	1021
13	53	35	1022
13	53	4	1022
13	53	35	1022
13	53	34	1021
13	53	4	1021
13	53	34	1021
13	53	34	1022
13	53	34	1021
13	53	4	1021
13	53	34	1022
13	53	4	1021
13	53	4	1023
13	53	4	1021
13	53	5	1022
13	53	4	1021
13	53	34	1021
13	53	34	1021
13	53	5	1021
13	53	35	1021
13	53	35	1022
13	53	34	1022
13	53	34	1022
13	53	5	1022
13	53	4	1022
13	53	4	1021
13	53	4	1022
13	53	5	1021
13	53	4	1020
13	53	34	1021
13	53	4	1021
13	53	4	1021
13	53	35	1022
13	53	34	1021
13	53	4	1022
13	53	5	1021
13	53	34	1021
13	53	4	1023
13	53	4	1020
13	53	35	1021
13	53	4	1022
13	53	35	1022
13	53	5	1022
13	53	34	1021
13	53	35	1021
13	53	35	1022
13	53	35	1022
13	53	34	1021
13	53	34	1021
13	53	34	1022
13	53	4	1022
13	53	4	1022
13	53	4	1021
13	53	4	1022
13	53	4	1021
13	53	5	1022
13	53	4	1022
13	53	4	1022
13	53	5	1021
13	53	4	1022
13	53	4	1021
13	53	4	1022
13	53	34	1022
13	53	5	1022
13	53	4	1023
13	53	34	1022
13	53	34	1022
13	53	34	1022
13	53	5	1021
13	53	4	1022
13	54	34	1021
13	53	34	1021
13	53	35	1021
13	53	4	1022
13	53	4	1022
13	53	35	1022
13	53	4	1022
13	53	4	1021
13	53	34	1022
13	53	4	1022
13	53	4	1022
13	53	4	1022
13	53	34	1021
13	53	4	1021
13	53	5	1021
13	53	4	1021
13	53	4	1022
13	53	34	1020
13	53	5	1021
13	53	35	1021
13	53	35	1020
13	53	4	1021
13	53	35	1021
13	53	5	1021
13	53	5	1021
13	53	4	1020
13	53	35	1022
13	53	4	1022
13	53	5	1021
13	53	5	1020
13	53	4	1021
13	53	4	1022
13	53	35	1022
13	53	4	1021
13	53	34	1021
13	53	35	1021
13	53	34	1022
13	53	4	1021
13	53	4	1021
13	53	34	1022
13	53	35	1022
13	53	4	1022
13	53	4	1022
13	53	5	1020
13	53	34	1022
13	53	34	1022
13	53	4	1021
13	53	4	1021
13	53	34	1021
13	53	35	1021
13	53	5	1022
13	53	34	1021
13	53	5	1022
13	53	4	1021
13	53	5	1022
13	53	4	1020
13	53	4	1022
13	53	4	1020
13	53	5	1021
13	53	35	1021
13	53	35	1022
13	53	4	1022
13	53	35	1022
13	53	5	1022
13	53	5	1022
13	53	35	1022
13	53	4	1022
13	53	35	1021
13	53	35	1021
13	53	34	1021
13	53	5	1022
13	53	34	1022
13	53	4	1022
13	53	34	1022
13	53	4	1022
13	53	4	1022
13	53	34	1022
13	53	35	1023
13	53	34	1022
13	53	34	1021
13	53	35	1022
13	53	4	1021
13	53	5	1022
13	53	4	1021
13	53	5	1023
13	53	34	1022
13	53	35	1020
13	53	34	1021
13	53	4	1021
13	53	35	1021
13	53	4	1022
13	53	5	1021
13	53	4	1021
13	53	4	1022
13	53	4	1022
13	53	35	1022
13	53	34	1022
13	53	5	1023
13	53	5	1021
13	53	4	1021
13	53	34	1022
13	53	4	1022
13	53	34	1022
13	53	4	1022
13	53	5	1022
13	53	34	1021
13	53	5	1022
13	53	35	1022
13	53	4	1021
13	53	35	1021
13	53	34	1022
13	53	4	1022
13	53	5	1022
13	53	35	1022
13	53	34	1022
13	53	4	1022
13	53	4	1022
13	53	4	1022
13	53	35	1021
13	53	35	1022
13	53	35	1022
13	53	5	1021
13	53	34	1022
13	53	4	1022
13	53	4	1022
13	53	35	1021
13	53	35	1021
13	53	34	1022
13	53	35	1021
13	53	4	1022
13	53	4	1022
13	53	34	1022
13	53	4	1022
13	53	4	1021
13	53	5	1022
13	54	4	1021
13	53	4	1022
13	53	35	1022
13	53	34	1020
13	54	4	1022
13	54	4	1021
13	53	4	1021
13	53	34	1021
13	53	34	1021
13	53	5	1022
13	53	34	1021
13	53	4	1020
13	53	34	1022
13	53	34	1021
13	53	4	1022
13	53	4	1021
13	53	4	1022
13	54	5	1022
13	53	4	1022
13	53	5	1022
13	53	4	1022
13	53	5	1022
13	53	34	1022
13	53	4	1021
13	53	4	1020
13	53	35	1022
13	54	35	1022
13	53	5	1022
13	53	4	1021
13	54	5	1021
13	53	35	1022
13	53	4	1022
13	53	5	1022
13	54	4	1020
13	53	5	1022
13	54	4	1022
13	53	4	1022
13	53	4	1022
13	54	35	1022
13	53	4	1022
13	53	35	1021
13	53	4	1022
13	54	35	1022
13	53	4	1022
13	53	4	1022
13	53	4	1021
13	53	35	1022
13	53	34	1021
13	53	35	1022
13	53	5	1023
13	53	4	1022
13	53	5	1022
13	53	35	1023
13	53	34	1019
13	53	35	1022
13	53	4	1022
13	54	4	1022
13	53	35	1021
13	53	35	1021
13	54	4	1021
13	53	4	1022
13	53	4	1022
13	53	4	1021
13	53	4	1021
13	53	4	1022
13	53	35	1021
13	53	4	1022
13	53	4	1021
13	53	4	1021
13	53	35	1021
13	53	4	1021
13	53	4	1021
13	53	34	1021
13	53	4	1021
13	53	35	1021
13	53	4	1022
13	53	4	1022
13	53	4	1021
13	54	5	1022
13	53	35	1021
13	53	4	1021
13	54	35	1021
13	53	4	1021
13	53	4	1021
13	54	4	1021
13	54	34	1022
13	54	5	1021
13	54	5	1021
13	54	4	1021
13	53	5	1021
13	53	4	1022
13	54	4	1022
13	54	4	1022
13	54	35	1021
13	53	4	1021
13	54	4	1021
13	53	5	1021
13	54	5	1021
13	54	34	1021
13	54	5	1022
13	53	4	1021
13	54	5	1021
13	54	34	1021
13	53	34	1022
13	54	35	1022
13	54	34	1021
13	53	34	1022
13	54	4	1020
13	54	4	1021
13	54	4	1021
13	53	34	1021
13	54	34	1022
13	53	5	1021
13	54	5	1022
13	54	5	1021
13	54	5	1022
13	54	35	1022
13	54	4	1021
13	54	4	1022
13	54	35	1021
13	54	5	1021
13	54	34	1022
13	54	5	1021
13	53	4	1022
13	53	5	1022
13	53	5	1021
13	54	5	1022
13	54	35	1022
13	53	35	1022
13	53	34	1021
13	53	5	1021
13	54	4	1021
13	54	4	1021
13	54	35	1020
13	54	4	1021
13	54	34	1021
13	53	4	1021
13	53	34	1022
13	53	34	1022
13	53	4	1020
13	53	34	1022
13	53	5	1021
13	54	34	1021
13	54	4	1022
13	53	34	1021
13	54	5	1022
13	54	4	1022
13	53	4	1022
13	53	35	1022
13	54	34	1022
13	53	4	1022
13	54	34	1021
13	54	4	1022
13	54	4	1022
13	54	35	1020
13	53	5	1022
13	54	4	1021
13	54	4	1022
13	54	5	1022
13	53	35	1022
13	54	4	1021
13	53	4	1022
13	54	5	1022
13	54	35	1023
13	53	35	1021
13	54	35	1022
13	53	4	1022
13	53	34	1021
13	53	4	1022
13	53	4	1022
13	53	4	1022
13	53	5	1022
13	54	4	1022
13	53	4	1021
13	53	4	1021
13	54	4	1021
13	53	34	1021
13	53	34	1021
13	53	4	1022
13	53	4	1021
13	53	35	1021
13	54	4	1022
13	54	4	1021
13	53	4	1022
13	53	4	1021
13	53	4	1021
13	54	34	1021
13	54	4	1021
13	53	35	1021
13	54	36	1022
13	53	35	1022
13	53	4	1021
13	53	5	1022
13	54	4	1018
13	54	35	1021
13	53	5	1021
13	54	4	1022
13	53	5	1022
13	53	5	1022
13	53	4	1022
13	53	4	1021
13	53	5	1022
13	53	34	1022
13	53	4	1022
13	53	35	1021
13	53	4	1021
13	53	35	1021
13	53	35	1021
13	53	34	1021
13	53	35	1022
13	54	4	1020
13	54	4	1021
13	53	4	1021
13	54	34	1020
13	53	34	1021
13	53	34	1023
13	53	4	1022
13	53	35	1022
13	53	4	1021
13	53	35	1022
13	53	35	1022
13	53	4	1021
13	53	35	1022
13	53	35	1021
13	53	4	1021
13	53	4	1022
13	53	35	1021
13	53	4	1022
13	53	5	1022
13	53	4	1022
13	53	35	1022
13	53	4	1022
13	53	5	1021
13	53	4	1022
13	53	4	1021
13	53	4	1021
13	53	4	1021
13	54	4	1021
13	53	5	1021
13	53	34	1021
13	54	4	1021
13	53	34	1021
13	54	4	1021
13	53	4	1021
13	53	5	1021
13	53	34	1022
13	53	34	1022
13	53	5	1021
13	53	34	1021
13	53	35	1022
13	53	4	1022
13	53	4	1022
13	53	4	1022
13	53	4	1022
13	53	4	1021
13	53	4	1021
13	53	34	1021
13	53	5	1022
13	53	4	1021
13	53	34	1018
13	53	4	1022
13	53	5	1022
13	53	4	1022
13	53	4	1022
13	53	4	1022
13	53	4	1021
13	53	4	1022
13	53	34	1022
13	53	4	1022
13	53	4	1022
13	53	5	1021
13	53	4	1022
13	53	4	1022
13	53	4	1022
13	53	4	1021
13	53	34	1022
13	53	5	1022
13	53	4	1022
13	53	5	1022
13	53	5	1022
13	53	4	1022
13	53	4	1021
13	53	4	1022
13	53	5	1022
13	53	5	1021
13	53	4	1022
13	53	4	1022
13	53	35	1022
13	53	5	1022
13	53	4	1021
13	53	4	1021
13	53	4	1022
13	53	4	1022
13	53	4	1022
13	53	4	1022
13	53	4	1022
13	53	5	1021
13	53	4	1021
13	53	35	1022
13	53	35	1022
13	53	5	1022
13	53	5	1022
13	53	34	1022
13	53	4	1022
13	53	34	1021
13	53	4	1022
13	53	34	1022
13	53	4	1022
13	53	4	1021
13	53	4	1021
13	53	4	1021
13	53	4	1022
13	53	4	1022
13	53	4	1021
13	53	35	1022
13	53	5	1022
13	53	4	1022
13	53	4	1021
13	53	5	1021
13	53	34	1022
13	53	5	1022
13	53	34	1022
13	53	4	1021
13	53	4	1021
13	53	4	1022
13	53	34	1021
13	53	34	1022
13	53	35	1020
13	53	4	1022
13	53	4	1022
13	53	4	1022
13	53	4	1022
13	53	5	1022
13	53	4	1021
13	53	5	1021
13	53	35	1020
13	53	5	1022
13	53	5	1022
13	53	4	1021
13	53	4	1022
13	53	5	1022
13	53	4	1021
13	53	4	1023
13	53	4	1022
13	53	35	1022
13	53	4	1022
13	53	5	1021
13	53	5	1021
13	53	5	1021
13	53	5	1021
13	53	5	1021
13	53	4	1020
13	53	35	1021
13	54	4	1021
13	53	34	1020
13	53	35	1021
13	53	34	1022
13	53	35	1021
13	53	4	1022
13	53	4	1020
13	53	4	1021
13	53	35	1021
13	53	4	1021
13	53	4	1021
13	53	4	1021
13	53	4	1021
13	53	4	1023
13	53	4	1021
13	53	4	1021
13	53	4	1021
13	53	4	1021
13	53	35	1021
13	53	4	1021
13	53	5	1021
13	53	4	1021
13	53	4	1022
13	53	4	1021
13	53	4	1022
13	53	5	1021
13	53	34	1021
13	53	4	1021
13	53	4	1022
13	53	34	1022
13	53	35	1021
13	53	4	1022
13	53	4	1021
13	53	4	1021
13	53	35	1021
13	53	4	1021
13	53	4	1021
13	53	5	1021
13	53	35	1021
13	53	4	1021
13	53	4	1021
13	53	4	1021
13	53	4	1021
13	53	35	1020
13	53	34	1022
13	53	4	1021
13	53	4	1021
13	53	5	1021
13	53	34	1020
13	53	4	1021
13	53	4	1021
13	53	4	1022
13	53	35	1021
13	53	5	1021
13	53	34	1021
13	53	4	1020
13	53	5	1021
13	53	4	1021
13	53	4	1022
13	53	34	1021
13	53	5	1020
13	53	4	1021
13	53	4	1023
13	53	4	1022
13	53	4	1022
13	53	4	1022
13	53	5	1022
13	53	4	1022
13	53	4	1022
13	53	4	1021
13	53	4	1022
13	53	4	1021
13	53	4	1022
13	53	35	1021
13	53	4	1022
13	53	4	1022
13	53	35	1022
13	53	4	1022
13	53	5	1021
13	53	4	1021
13	53	4	1022
13	53	35	1022
13	53	4	1022
13	53	5	1022
13	53	4	1020
13	53	4	1022
13	53	5	1021
13	53	5	1021
13	53	4	1021
13	53	35	1021
13	53	4	1022
13	53	5	1021
13	53	4	1021
13	53	34	1022
13	53	4	1020
13	53	4	1021
13	53	34	1021
13	53	34	1020
13	53	4	1022
13	53	35	1022
13	53	34	1021
13	53	4	1021
13	53	4	1023
13	53	4	1022
13	53	5	1022
13	53	34	1023
13	53	5	1021
13	53	34	1021
13	53	4	1021
13	53	4	1021
13	53	4	1021
13	53	4	1022
13	53	4	1022
13	53	35	1022
13	53	4	1021
13	53	4	1021
13	53	4	1021
13	53	5	1022
13	53	5	1020
13	53	4	1021
13	53	4	1020
13	53	4	1021
13	53	4	1021
13	53	4	1021
13	53	4	1021
13	53	4	1021
13	53	5	1021
13	53	4	1021
13	53	5	1022
13	53	4	1021
13	53	5	1021
13	53	5	1021
13	53	4	1022
13	53	5	1022
13	53	35	1022
13	53	35	1022
13	53	4	1022
13	53	5	1021
13	53	4	1022
13	53	5	1022
13	53	5	1022
13	53	5	1022
13	53	4	1022
13	53	4	1021
13	53	4	1021
13	53	4	1021
13	53	35	1021
13	53	4	1021
13	53	35	1021
13	53	4	1022
13	53	4	1022
13	53	4	1022
13	53	5	1022
13	53	4	1021
13	53	34	1022
13	53	5	1022
13	53	34	1021
13	53	5	1022
13	53	4	1022
13	53	4	1021
13	53	4	1022
13	53	35	1022
13	53	4	1022
13	53	4	1022
13	53	5	1022
13	53	4	1022
13	53	4	1021
13	53	4	1022
13	53	4	1022
13	53	4	1022
13	53	34	1021
13	53	34	1022
13	53	4	1021
13	53	4	1022
13	53	5	1021
13	53	4	1021
13	53	4	1022
13	53	4	1022
13	53	4	1022
13	53	4	1022
13	53	4	1022
13	53	35	1022
13	53	5	1022
13	53	35	1021
13	53	4	1021
13	53	4	1021
13	53	35	1020
13	53	4	1021
13	53	5	1021
13	53	5	1021
13	53	4	1021
13	53	4	1022
13	53	4	1021
13	53	35	1021
13	53	4	1022
13	53	5	1022
13	53	35	1022
13	53	5	1022
13	53	5	1022
13	53	4	1021
13	53	4	1021
13	53	5	1022
13	53	4	1023
13	53	35	1020
13	53	4	1022
13	53	34	1022
13	53	35	1022
13	53	4	1021
13	53	4	1021
13	53	4	1022
13	53	4	1020
13	53	4	1021
13	53	4	1021
13	53	4	1022
13	53	4	1022
13	53	4	1021
13	53	5	1022
13	53	4	1021
14	53	4	1021
13	53	4	1021
13	53	34	1022
13	53	4	1021
13	53	35	1021
13	53	34	1021
13	53	35	1022
13	53	4	1021
13	53	4	1021
13	53	35	1022
13	53	4	1022
13	53	35	1022
13	53	34	1022
13	53	35	1021
13	53	4	1022
13	53	4	1021
13	53	4	1021
13	53	5	1022
13	53	5	1021
13	53	4	1022
13	53	4	1021
13	53	4	1021
13	53	34	1021
13	53	35	1021
13	53	35	1021
13	53	4	1021
13	53	34	1022
13	53	34	1021
13	53	34	1021
13	53	5	1021
13	53	4	1020
13	53	4	1021
13	53	4	1021
13	53	35	1022
13	53	4	1022
13	53	35	1021
13	53	5	1021
13	53	4	1021
13	53	4	1022
13	53	4	1022
13	53	4	1022
13	53	34	1022
13	53	35	1021
13	53	4	1021
13	53	4	1021
13	53	4	1021
13	53	35	1022
13	53	4	1021
13	53	4	1022
13	53	4	1022
13	53	4	1022
13	53	34	1021
13	53	4	1022
13	53	4	1022
13	53	4	1022
13	53	4	1021
13	53	4	1022
13	53	4	1022
13	53	34	1021
13	53	4	1022
13	53	34	1022
13	53	4	1021
13	53	35	1020
13	53	4	1022
13	53	4	1022
13	53	35	1020
13	53	35	1021
13	53	34	1021
13	53	4	1022
13	53	35	1022
13	53	4	1022
13	53	5	1022
13	53	5	1022
13	53	4	1022
13	53	4	1022
13	53	35	1022
13	53	34	1021
13	53	35	1021
13	53	5	1021
13	53	4	1022
13	53	35	1022
13	53	35	1022
13	53	4	1021
13	53	4	1022
13	53	4	1021
13	53	4	1022
13	53	35	1021
13	53	34	1021
13	52	4	1022
13	53	5	1022
13	53	4	1022
13	53	4	1023
13	53	34	1021
13	53	35	1022
13	53	4	1022
13	53	4	1022
13	53	4	1022
13	53	4	1022
13	53	35	1022
13	53	35	1022
13	53	34	1021
13	53	35	1022
13	53	34	1021
13	53	5	1022
13	53	4	1022
13	53	34	1022
13	53	34	1021
13	53	5	1021
13	53	4	1021
13	52	4	1021
13	53	4	1021
13	52	4	1021
13	53	5	1022
13	53	34	1021
13	53	4	1021
13	53	4	1021
13	53	5	1021
13	53	4	1020
13	53	4	1022
13	53	4	1021
13	53	4	1022
13	53	4	1021
13	53	35	1021
13	53	5	1021
13	53	34	1021
13	53	35	1022
13	53	4	1021
13	53	34	1021
13	53	5	1021
13	52	5	1021
13	52	5	1021
13	53	34	1021
13	53	5	1022
13	53	4	1021
13	53	4	1021
13	53	4	1022
13	53	35	1022
13	53	4	1021
13	53	35	1021
13	53	4	1021
13	53	5	1022
13	53	5	1021
13	52	4	1021
13	52	4	1021
13	53	34	1022
13	53	4	1021
13	53	4	1022
13	52	4	1022
13	52	34	1021
13	53	5	1021
13	52	34	1021
13	52	4	1021
13	52	5	1021
13	53	4	1021
13	52	4	1022
13	52	35	1022
13	52	4	1021
13	52	35	1021
13	52	5	1022
13	52	5	1022
13	52	35	1022
13	52	35	1022
13	52	34	1021
13	52	4	1022
13	52	5	1023
13	52	5	1022
13	52	34	1022
13	52	34	1021
13	52	35	1022
13	52	4	1021
13	52	4	1022
13	52	4	1021
13	52	4	1021
13	52	4	1021
13	53	4	1022
13	52	34	1022
13	52	35	1021
13	53	5	1022
13	52	4	1022
13	53	4	1023
13	52	5	1022
13	52	5	1021
13	52	4	1020
13	52	5	1022
13	52	5	1022
13	52	5	1022
13	52	4	1020
13	52	4	1022
13	52	5	1022
13	52	5	1022
13	52	5	1022
13	52	4	1022
13	53	4	1021
13	52	5	1020
13	52	4	1021
13	52	35	1022
13	52	4	1021
13	52	4	1020
13	52	4	1022
13	52	4	1022
13	53	4	1021
13	52	35	1022
13	52	35	1020
13	52	34	1021
13	52	34	1021
13	52	4	1022
13	53	4	1020
13	52	35	1022
13	52	5	1021
13	52	35	1021
13	52	5	1021
13	52	4	1021
13	52	4	1021
13	52	4	1021
13	52	4	1022
13	52	4	1022
13	52	5	1021
13	52	4	1022
13	52	35	1020
13	53	4	1022
13	52	5	1022
13	53	35	1022
13	52	4	1022
13	52	5	1021
13	52	4	1022
13	52	5	1020
13	53	5	1021
13	52	35	1021
13	52	35	1021
13	52	4	1021
13	52	4	1022
13	52	4	1021
13	52	4	1020
13	52	4	1021
13	52	34	1021
13	52	4	1021
13	52	5	1022
13	53	34	1021
13	52	5	1021
13	52	4	1022
13	52	4	1021
13	52	34	1021
13	52	5	1020
13	53	4	1021
13	52	5	1021
13	52	4	1021
13	52	35	1022
13	52	4	1021
13	52	34	1021
13	52	4	1020
13	53	4	1021
13	52	4	1021
13	52	4	1021
13	52	34	1022
13	53	4	1021
13	52	35	1021
13	53	4	1020
13	53	5	1021
13	52	5	1020
13	52	35	1021
13	52	5	1021
13	52	5	1021
13	52	4	1021
13	52	4	1021
13	53	35	1021
13	52	4	1022
13	53	35	1022
13	53	35	1021
13	52	35	1021
13	52	5	1021
13	52	4	1021
13	52	5	1021
13	52	34	1021
13	52	4	1022
13	52	4	1022
13	52	4	1022
13	52	4	1022
13	53	4	1021
13	52	5	1021
13	52	34	1021
13	52	4	1021
13	52	4	1022
13	52	35	1021
13	52	35	1021
13	52	4	1021
13	52	4	1021
13	52	4	1021
13	52	34	1021
13	52	4	1022
13	53	5	1022
13	52	4	1022
13	53	4	1021
13	52	4	1023
13	52	4	1022
13	52	4	1022
13	52	4	1021
13	52	34	1022
13	52	35	1022
13	52	4	1021
13	52	4	1022
13	52	4	1022
13	52	35	1022
13	52	34	1022
13	53	4	1022
13	52	4	1022
13	52	4	1022
13	53	5	1021
13	52	4	1021
13	52	4	1021
13	52	5	1022
13	52	4	1022
13	53	4	1021
13	52	4	1021
13	52	35	1021
13	52	35	1021
13	52	4	1021
13	52	5	1021
13	52	5	1020
13	52	4	1022
13	52	5	1022
13	52	4	1021
13	52	4	1021
13	52	4	1021
13	53	5	1021
13	52	34	1021
13	52	5	1022
13	52	5	1021
13	52	4	1022
13	52	35	1021
13	52	4	1021
13	52	34	1021
13	52	4	1021
13	52	4	1021
13	52	4	1021
13	52	5	1021
13	52	5	1021
13	52	4	1021
13	52	4	1021
13	52	4	1022
13	52	4	1021
13	52	5	1021
13	52	4	1021
13	52	34	1023
13	52	4	1021
13	52	5	1022
13	52	4	1021
13	52	4	1020
13	52	5	1021
13	52	35	1022
13	52	4	1021
13	52	4	1022
13	52	4	1022
13	52	5	1022
13	52	5	1021
13	52	5	1021
13	52	4	1021
13	52	4	1022
13	52	4	1021
13	52	4	1022
13	52	34	1022
13	52	4	1022
13	53	5	1021
13	52	35	1022
13	53	4	1021
13	52	4	1022
13	52	34	1021
13	52	5	1021
13	52	4	1021
13	52	4	1021
13	52	4	1020
13	52	4	1021
13	52	4	1022
13	52	5	1022
13	52	5	1022
13	52	4	1021
13	53	35	1021
13	52	4	1020
13	52	4	1022
13	52	5	1021
13	52	4	1020
13	52	4	1021
13	52	35	1021
13	52	5	1021
13	52	4	1021
13	52	4	1021
13	52	4	1020
13	53	4	1021
13	52	5	1022
13	52	35	1020
13	52	5	1021
13	52	4	1021
13	52	4	1022
13	52	4	1021
13	52	5	1021
13	52	5	1022
13	52	5	1021
13	52	34	1021
13	52	4	1019
13	52	4	1022
13	52	5	1020
13	52	5	1021
13	52	34	1021
13	52	34	1021
13	52	4	1022
13	52	34	1022
13	53	4	1022
13	52	35	1022
13	52	4	1021
13	53	4	1022
13	53	34	1022
13	52	35	1021
13	52	35	1022
13	52	34	1020
13	53	4	1021
13	52	35	1022
13	52	5	1021
13	52	34	1021
13	53	35	1021
14	52	35	1021
13	52	4	1020
13	53	35	1020
13	53	5	1022
13	52	4	1022
13	52	4	1021
13	52	5	1021
13	53	4	1022
13	52	5	1021
13	52	4	1023
13	52	4	1021
13	52	4	1021
13	52	4	1022
13	52	33	1022
13	52	4	1021
13	52	34	1021
13	52	4	1022
13	52	36	1022
13	52	33	1022
13	53	76	1022
13	52	38	1021
13	52	114	1022
13	52	114	1022
13	52	114	1021
13	53	113	1021
13	53	80	1021
13	53	113	1020
13	52	79	1020
13	52	113	1021
13	52	79	1021
13	53	113	1022
13	52	114	1022
13	53	113	1021
13	52	79	1022
13	53	113	1022
13	53	79	1022
13	53	113	1020
13	52	79	1021
13	52	114	1022
14	52	79	1021
13	52	113	1021
14	53	79	1021
14	52	79	1021
14	52	4	1021
14	52	114	1022
14	52	79	1022
14	53	114	1021
14	52	114	1021
14	52	113	1021
14	52	114	1021
14	52	113	1021
14	52	113	1022
14	52	114	1020
14	52	79	1022
14	53	113	1022
14	52	114	1022
14	52	114	1022
14	53	114	1022
14	52	114	1022
14	52	114	1022
14	52	114	1022
14	52	114	1021
14	52	114	1021
14	52	114	1022
14	52	114	1022
14	52	113	1021
14	52	113	1022
14	52	79	1022
14	53	79	1022
14	52	113	1021
14	52	114	1021
14	52	115	1022
14	52	113	1023
14	52	113	1021
14	52	113	1021
14	52	114	1022
14	52	114	1022
14	52	113	1023
14	53	113	1023
14	52	114	1022
14	52	113	1021
14	52	114	1021
14	52	113	1022
14	52	113	1021
14	52	113	1022
14	52	113	1021
14	52	119	1021
14	52	114	1021
14	52	113	1021
14	52	114	1021
14	52	118	1021
14	52	113	1021
14	52	113	1021
14	52	79	1022
14	52	4	1021
14	52	114	1021
14	52	114	1023
14	52	114	1022
14	52	114	1022
14	53	78	1021
14	52	4	1021
14	52	114	1020
14	52	113	1020
14	52	113	1021
14	52	79	1021
14	53	113	1021
14	52	78	1021
14	52	113	1021
14	52	77	1021
14	52	79	1021
14	52	113	1021
14	52	79	1021
14	52	114	1022
14	52	114	1021
14	52	113	1020
14	52	113	1021
14	52	113	1021
14	52	114	1022
14	52	113	1021
14	52	114	1021
14	52	114	1022
14	52	114	1021
14	52	78	1022
14	52	79	1022
14	52	79	1022
14	52	79	1021
14	52	114	1022
15	51	113	1022
14	52	113	1020
14	52	113	1022
14	52	113	1022
14	52	113	1022
14	52	113	1022
14	52	113	1022
14	52	113	1022
14	52	113	1022
14	52	113	1022
14	52	114	1022
14	52	113	1021
14	52	114	1022
14	52	114	1022
14	52	114	1022
14	52	113	1021
14	52	113	1021
14	52	113	1021
14	52	114	1021
14	52	79	1020
14	52	79	1021
14	52	114	1021
14	52	114	1022
14	52	113	1022
14	52	113	1021
14	52	79	1021
14	52	114	1020
14	52	113	1022
14	52	114	1022
14	52	113	1021
14	52	79	1021
14	52	113	1021
14	52	79	1021
14	52	113	1022
14	52	79	1021
14	52	114	1021
14	52	113	1021
14	52	78	1022
14	52	114	1021
14	52	113	1021
14	52	80	1021
14	52	79	1021
14	52	113	1021
14	52	79	1021
14	52	113	1021
14	52	79	1021
14	52	114	1021
14	52	114	1021
14	52	114	1021
14	52	114	1022
14	52	114	1021
14	52	113	1021
14	52	78	1022
14	52	115	1021
14	52	113	1021
14	52	79	1021
14	52	114	1022
15	51	78	1022
14	52	113	1021
14	52	113	1022
14	52	113	1022
14	52	79	1021
14	52	113	1023
14	52	114	1022
14	52	114	1022
14	52	113	1023
14	52	114	1022
14	52	113	1022
14	52	114	1022
14	52	114	1022
14	52	113	1021
14	52	114	1022
14	52	113	1023
14	52	79	1022
14	52	113	1022
14	52	79	1021
14	52	113	1021
14	52	114	1021
14	52	79	1022
14	52	114	1022
14	52	113	1021
14	52	114	1022
14	52	80	1022
14	52	114	1021
14	52	114	1021
14	52	80	1023
14	52	114	1021
14	52	114	1021
14	52	79	1021
14	52	114	1022
14	52	97	1021
15	51	114	1021
14	52	113	1022
14	52	113	1021
14	52	113	1020
14	52	117	1021
14	52	113	1021
14	52	113	1021
14	52	113	1021
14	52	114	1021
14	52	113	1021
14	52	79	1021
14	52	4	1021
14	52	113	1021
14	52	113	1021
14	52	114	1021
14	52	114	1021
14	52	113	1021
15	51	79	1022
14	52	79	1021
15	50	80	1021
14	52	113	1021
15	51	80	1022
15	51	113	1021
15	51	80	1021
15	51	113	1022
15	51	79	1021
15	51	79	1022
15	51	80	1021
15	50	80	1021
14	52	114	1020
14	52	79	1021
14	52	113	1022
15	51	113	1021
14	51	78	1021
14	52	114	1022
15	51	114	1021
15	50	114	1022
14	51	79	1021
14	51	79	1021
15	50	114	1022
15	50	114	1022
15	50	113	1021
15	50	114	1021
14	51	114	1022
14	52	113	1022
14	51	113	1022
15	50	113	1021
15	50	114	1021
14	51	113	1021
15	50	114	1021
14	52	79	1022
14	51	113	1020
14	51	80	1021
14	51	79	1021
14	51	79	1021
14	51	79	1021
14	52	113	1021
14	52	113	1021
14	51	113	1021
15	51	113	1021
14	51	113	1022
14	52	113	1022
14	52	114	1022
14	52	79	1021
14	51	113	1021
14	52	114	1021
14	51	113	1021
14	51	114	1021
14	51	114	1021
14	51	114	1021
14	51	114	1021
14	51	114	1021
14	51	80	1021
14	51	113	1021
15	50	113	1020
15	50	79	1021
14	51	113	1020
14	52	113	1022
15	51	114	1021
14	51	114	1021
14	51	113	1021
14	51	113	1022
14	51	79	1021
14	51	79	1021
14	52	79	1021
14	51	113	1021
14	51	113	1021
14	51	114	1021
14	52	114	1022
14	51	114	1021
14	51	113	1021
14	51	113	1022
14	52	114	1021
14	51	113	1022
14	51	114	1022
14	51	115	1022
14	52	114	1022
14	51	113	1021
14	52	80	1020
14	51	114	1020
14	51	78	1021
14	51	113	1021
14	51	79	1022
14	52	79	1022
14	51	79	1021
14	52	79	1021
14	52	113	1021
14	52	80	1020
14	51	113	1021
14	51	62	1021
14	51	113	1021
14	51	113	1021
14	52	113	1022
14	51	79	1021
14	51	113	1021
14	51	78	1021
14	51	114	1021
15	50	79	1021
14	51	79	1021
14	51	114	1021
14	51	113	1021
14	51	114	1021
14	52	114	1021
14	51	79	1021
14	51	79	1022
14	51	79	1021
14	51	79	1021
14	52	114	1020
14	52	80	1021
14	51	79	1022
14	52	113	1022
14	52	78	1022
14	52	114	1022
14	51	4	1022
14	52	79	1022
14	51	80	1021
14	51	113	1021
14	52	114	1021
14	52	113	1021
14	51	114	1022
14	52	79	1022
14	51	113	1022
14	51	114	1021
14	51	80	1021
14	52	113	1023
14	51	114	1022
14	51	79	1022
14	52	79	1021
14	51	113	1021
14	51	113	1022
14	51	114	1022
14	51	114	1023
14	51	114	1021
14	51	79	1022
14	51	113	1022
14	51	113	1022
14	51	113	1022
14	51	114	1022
14	52	116	1022
14	51	80	1022
14	52	114	1022
14	52	113	1022
14	51	113	1021
14	51	113	1021
14	51	114	1021
14	52	114	1021
14	51	116	1021
14	51	113	1021
14	52	79	1020
14	51	79	1021
14	51	80	1022
14	52	113	1023
14	52	113	1021
14	51	113	1022
14	52	113	1021
14	52	114	1021
14	51	114	1021
14	52	114	1022
14	52	79	1021
14	52	113	1022
14	51	113	1021
14	51	113	1021
14	51	99	1022
14	52	114	1022
14	52	81	1022
14	52	114	1022
14	52	114	1020
14	52	113	1020
14	52	114	1023
14	52	114	1021
14	52	114	1021
14	51	113	1022
14	52	113	1021
14	52	114	1022
14	52	114	1022
14	52	78	1022
14	52	114	1022
14	52	114	1022
14	52	79	1022
14	52	79	1022
14	52	80	1022
14	52	113	1022
14	52	80	1021
14	52	79	1022
14	52	114	1022
14	52	114	1021
14	52	79	1021
14	52	80	1023
14	52	113	1022
14	52	113	1023
14	52	79	1022
14	52	115	1022
14	52	113	1022
14	52	80	1021
14	52	113	1022
14	52	114	1022
14	52	113	1022
14	52	113	1021
14	52	85	1022
14	52	113	1021
14	52	115	1021
14	52	113	1022
14	52	80	1022
14	52	113	1023
14	52	113	1021
14	52	113	1022
14	52	114	1020
14	52	113	1021
14	52	114	1021
14	52	113	1022
14	52	115	1020
14	52	79	1021
14	52	113	1021
14	52	114	1021
14	52	120	1021
14	52	78	1021
14	52	78	1021
14	52	113	1022
14	52	113	1021
14	52	113	1021
14	52	80	1020
14	52	113	1021
14	52	114	1021
14	52	79	1021
14	52	113	1021
14	52	113	1020
14	52	79	1021
14	52	79	1020
14	52	113	1021
14	52	113	1021
14	52	113	1020
14	52	114	1020
14	52	79	1022
14	52	115	1020
14	52	113	1022
14	52	113	1021
14	52	79	1022
14	52	79	1021
14	52	114	1020
14	52	113	1021
14	52	114	1021
14	52	113	1021
14	52	114	1021
14	52	113	1021
14	52	120	1021
14	52	4	1021
14	52	114	1020
14	52	113	1021
14	52	79	1022
14	52	78	1021
14	52	113	1020
14	52	117	1021
14	52	116	1021
14	52	113	1022
14	52	80	1022
14	52	114	1022
14	52	79	1021
14	52	113	1021
14	52	113	1021
14	52	113	1020
14	52	113	1020
14	52	4	1022
14	52	114	1021
14	52	80	1021
14	52	113	1022
14	52	114	1021
14	52	80	1022
14	52	116	1021
14	52	113	1021
14	52	113	1021
14	52	79	1022
14	52	114	1022
14	52	113	1021
14	52	79	1021
14	52	113	1021
14	52	113	1021
14	52	80	1021
14	52	114	1022
14	52	114	1022
14	52	114	1022
14	52	113	1021
14	52	114	1020
14	52	114	1022
14	52	114	1021
14	52	113	1020
14	52	114	1022
14	52	114	1021
14	52	114	1021
14	52	114	1021
14	52	114	1021
14	52	114	1022
14	52	113	1021
14	52	80	1021
14	52	4	1022
14	52	114	1022
14	52	114	1021
14	52	114	1021
14	52	79	1021
14	52	113	1022
14	52	113	1022
14	52	113	1022
14	52	114	1022
14	52	79	1021
14	52	114	1022
14	52	113	1022
14	52	4	1022
14	52	113	1022
14	52	114	1021
14	52	113	1022
14	52	79	1021
14	52	113	1021
14	52	78	1021
14	52	79	1022
14	52	113	1022
14	52	80	1022
14	52	114	1022
14	52	114	1021
14	52	79	1021
14	52	113	1021
14	52	79	1021
14	52	114	1021
14	52	114	1022
14	52	113	1021
14	52	113	1021
14	52	79	1021
14	52	79	1021
14	52	114	1023
14	52	79	1021
14	52	113	1021
14	52	114	1022
14	52	115	1022
14	52	114	1022
14	52	79	1021
14	52	80	1022
14	52	80	1022
14	52	113	1021
14	52	114	1021
14	52	79	1022
14	52	114	1022
14	52	113	1020
14	52	114	1020
14	52	113	1021
14	52	113	1022
14	52	79	1021
14	52	115	1021
14	52	113	1022
14	52	113	1021
14	52	115	1022
14	52	113	1021
14	52	79	1021
14	52	113	1022
14	52	80	1021
14	52	113	1022
14	52	113	1022
14	52	114	1021
14	52	113	1021
14	52	113	1021
14	52	114	1022
14	52	114	1020
14	52	113	1021
14	52	113	1022
14	52	113	1022
14	52	114	1022
14	52	114	1021
14	52	80	1022
14	52	114	1022
14	52	114	1021
14	52	113	1021
14	52	113	1021
14	52	113	1021
14	52	79	1021
14	52	113	1021
14	52	114	1021
14	52	113	1021
14	52	113	1022
14	52	114	1022
14	52	113	1022
14	52	114	1022
14	52	78	1021
14	52	80	1022
14	52	113	1022
14	52	113	1021
14	52	79	1022
14	52	79	1021
14	52	121	1022
14	52	113	1021
14	52	114	1021
14	52	113	1021
14	52	113	1021
14	52	119	1021
14	52	113	1021
14	52	114	1021
14	52	113	1021
14	52	114	1021
14	52	113	1020
14	52	113	1020
14	52	114	1022
14	52	113	1021
14	52	113	1022
14	52	113	1021
14	52	114	1021
14	52	113	1022
14	52	79	1022
14	52	114	1021
14	52	113	1022
14	52	113	1022
14	52	80	1022
14	52	114	1022
14	52	79	1021
14	52	114	1022
14	52	113	1021
14	52	113	1022
14	52	79	1021
14	52	113	1021
14	52	79	1021
14	52	113	1022
14	52	114	1022
14	52	114	1022
14	52	79	1022
14	52	113	1021
14	52	114	1022
14	52	80	1020
14	52	114	1021
14	52	78	1021
14	52	113	1021
14	52	114	1021
14	52	80	1022
14	52	115	1022
14	52	114	1020
14	52	113	1020
14	52	80	1022
14	52	79	1022
14	52	113	1021
14	52	113	1022
14	52	113	1021
14	52	80	1021
14	52	113	1021
14	52	79	1021
14	52	114	1022
14	52	114	1021
14	52	78	1022
14	52	114	1021
14	52	114	1020
14	52	114	1022
14	52	113	1021
14	52	113	1022
14	52	79	1022
14	52	79	1021
14	52	114	1021
14	52	114	1022
14	52	115	1022
14	52	113	1022
14	52	79	1021
14	52	113	1022
14	52	113	1021
14	52	114	1022
14	52	114	1022
14	52	113	1022
14	52	113	1021
14	52	113	1021
14	52	113	1022
14	52	115	1020
14	52	113	1021
14	52	113	1022
14	52	115	1020
14	52	113	1022
14	52	113	1022
14	52	79	1021
14	52	113	1021
14	52	113	1022
14	52	78	1021
14	52	113	1021
14	52	4	1021
14	52	114	1021
14	52	79	1021
14	52	113	1021
14	52	79	1021
14	52	115	1021
14	52	114	1020
14	52	114	1022
14	52	79	1020
14	52	114	1021
14	52	78	1021
14	52	114	1021
14	52	113	1020
14	52	113	1021
14	52	115	1021
14	52	114	1021
14	52	80	1021
14	52	79	1020
14	52	80	1020
14	52	114	1020
14	52	80	1019
14	52	113	1021
14	52	114	1021
14	52	114	1021
14	52	114	1021
14	52	114	1021
14	52	114	1021
14	52	114	1021
14	52	113	1021
14	52	79	1021
14	52	113	1022
14	52	79	1021
14	52	114	1021
14	52	79	1021
14	52	113	1020
14	52	114	1023
14	52	79	1022
14	52	114	1021
14	52	114	1022
14	52	114	1022
14	52	113	1023
14	52	114	1023
14	52	114	1022
14	52	119	1020
14	52	113	1021
14	52	114	1022
14	52	4	1022
14	52	80	1020
14	52	79	1022
14	52	80	1022
14	52	114	1022
14	52	78	1022
14	52	107	1022
14	52	113	1022
14	52	114	1022
14	52	113	1022
14	52	79	1022
14	52	114	1021
14	52	114	1022
14	52	79	1022
14	52	114	1022
14	52	118	1022
14	52	80	1022
14	52	79	1022
14	52	114	1021
14	52	113	1022
14	52	113	1023
14	52	113	1022
14	52	115	1021
14	52	114	1022
14	52	114	1022
14	52	113	1020
14	52	79	1021
14	52	114	1021
14	52	113	1022
14	52	114	1021
14	52	114	1022
14	52	113	1021
14	52	113	1022
14	52	114	1021
14	52	78	1021
14	52	113	1022
14	52	114	1022
14	52	79	1022
14	52	78	1022
14	52	79	1022
14	52	113	1021
14	52	4	1022
14	52	113	1021
14	52	114	1021
14	52	113	1021
14	52	114	1022
14	52	114	1022
14	52	113	1020
14	52	113	1021
14	52	114	1021
14	52	78	1021
14	52	79	1021
14	52	113	1020
14	52	4	1021
14	52	79	1021
14	52	114	1021
14	52	113	1021
14	52	80	1020
14	52	114	1021
14	52	80	1021
14	52	78	1020
14	52	79	1022
14	52	79	1021
14	52	89	1021
14	52	114	1021
14	52	125	1021
14	52	79	1020
14	52	79	1022
14	52	113	1022
14	52	113	1021
14	52	79	1022
14	52	113	1022
14	52	80	1021
14	52	114	1022
14	52	115	1022
14	52	113	1021
14	52	113	1021
14	52	114	1022
14	52	78	1022
14	52	113	1021
14	52	114	1021
14	52	114	1021
14	52	114	1021
14	52	114	1022
14	52	113	1022
14	52	114	1022
14	52	114	1022
14	52	114	1022
14	52	79	1022
14	52	114	1022
14	52	114	1022
14	52	79	1021
14	52	113	1022
14	52	113	1022
14	52	79	1022
14	52	80	1021
15	51	114	1021
14	52	114	1021
14	52	79	1020
14	52	113	1021
14	52	80	1021
14	52	114	1021
14	52	80	1021
14	52	114	1021
14	52	114	1021
14	52	114	1021
14	52	113	1021
14	52	114	1021
14	52	79	1020
14	52	113	1021
14	52	115	1021
14	52	113	1022
14	52	80	1021
14	52	114	1022
14	52	79	1022
14	52	113	1022
14	52	113	1021
14	52	114	1021
14	52	114	1021
14	52	113	1022
14	52	79	1021
14	52	79	1022
14	52	114	1022
14	52	79	1022
14	52	113	1022
14	52	113	1022
14	52	113	1021
14	52	114	1023
14	52	113	1021
14	52	113	1022
14	52	114	1022
14	52	114	1022
14	52	113	1022
14	52	78	1021
14	52	114	1020
14	52	113	1021
14	52	114	1021
14	52	113	1021
14	52	113	1020
14	52	114	1022
14	52	79	1020
14	52	80	1020
14	52	78	1021
14	52	114	1021
14	52	79	1022
14	52	114	1021
14	52	113	1022
14	52	113	1022
14	52	113	1022
14	52	79	1021
14	52	114	1021
